           0   0.0000000000000000     
           1   1.0000000000000000     
           2   1.2428626805223684     
           3   1.5250071784754431     
           4   1.7398436568073363     
           5   1.9416014229037093     
           6   2.1128263452248577     
           7   2.2715128429853477     
           8   2.4180137345169417     
           9   2.5580368498628547     
          10   2.7114327105560680     
          11   2.8988448038900199     
          12   3.0038306147515956     
          13   3.1392887001345851     
          14   3.2355848998912418     
          15   3.3613307771487118     
          16   3.4630932094708675     
          17   3.5837585885721812     
          18   3.6840918866153416     
          19   3.8169991080900028     
          20   3.9094971603147934     
          21   4.0345293294898621     
          22   4.1136290027250615     
          23   4.1874638562852118     
          24   4.2628779689992395     
          25   4.3844620920893593     
          26   4.4952835425311477     
          27   4.5478094465610353     
          28   4.6322751016634562     
          29   4.6882030370362013     
          30   4.7739477832562258     
          31   4.8722295327847629     
          32   4.9714614365193182     
          33   5.0586637885826473     
          34   5.1397714844770785     
          35   5.2086488742549433     
          36   5.2754536290484442     
          37   5.3414352537461705     
          38   5.4287298115515563     
          39   5.5110050283810299     
          40   5.5831897942411350     
          41   5.6147624327864021     
          42   5.7041535366937639     
          43   5.7897365084817380     
          44   5.8513001865553758     
          45   5.9085481345115074     
          46   5.9988870878751834     
          47   6.0232622519768180     
          48   6.0814778496246138     
          49   6.1275919943166732     
          50   6.1615730517166858     
          51   6.2293900676456264     
          52   6.3087164606102899     
          53   6.3672409670767767     
          54   6.4416369531468840     
          55   6.5094349116081380     
          56   6.5782994553248990     
          57   6.6143138052574484     
          58   6.6593159007543070     
          59   6.7086483423813634     
          60   6.7737756344495459     
          61   6.7979097838934024     
          62   6.8810630485340480     
          63   6.9546232406757245     
          64   7.0460887128801790     
          65   7.1302864936937222     
          66   7.1595443046822655     
          67   7.2312097836458564     
          68   7.2710558970506316     
          69   7.3218411744574370     
          70   7.3916914900735193     
          71   7.4337921470278117     
          72   7.4815435949295832     
          73   7.5709681657733681     
          74   7.5824081774383947     
          75   7.6222085803367801     
          76   7.6630156482265273     
          77   7.7054821556553801     
          78   7.7527487130028563     
          79   7.7999299895276568     
          80   7.8641211099525856     
          81   7.9119332674022820     
          82   7.9646385697164765     
          83   8.0382730492725258     
          84   8.0991920725878028     
          85   8.1289725974058378     
          86   8.1872878302909751     
          87   8.2786674421981399     
          88   8.3386692844619841     
          89   8.3892390825573155     
          90   8.4333818052058973     
          91   8.4768485740467909     
          92   8.4813718721047948     
          93   8.5308246771687788     
          94   8.5965757043714586     
          95   8.6452862126283261     
          96   8.6728908437222234     
          97   8.7106553210450599     
          98   8.7475583227060838     
          99   8.8259322200141845     
         100   8.8658539723246630     
         101   8.9455319493510483     
         102   8.9984922509760459     
         103   9.0500218113641679     
         104   9.1011114022758619     
         105   9.1452864913810910     
         106   9.1779421194297761     
         107   9.1764115694528972     
         108   9.1962449842587812     
         109   9.2644132039047502     
         110   9.3249922662305860     
         111   9.3394385284354833     
         112   9.3961482788489068     
         113   9.4299420504152156     
         114   9.5040928549557435     
         115   9.5513220746708072     
         116   9.6092864685611268     
         117   9.6636483018652655     
         118   9.6948681525759177     
         119   9.7246294321641518     
         120   9.8028599930996982     
         121   9.8831329584657439     
         122   9.9268435227057470     
         123   9.9418801821739624     
         124   9.9866894159696624     
         125   10.024475090934176     
         126   10.023979525437317     
         127   10.051595885140742     
         128   10.091751625710794     
         129   10.169487268932279     
         130   10.227846565149703     
         131   10.260842524874022     
         132   10.304810805406497     
         133   10.353845435842469     
         134   10.390311814191316     
         135   10.422472251400075     
         136   10.436557900137311     
         137   10.465629192196454     
         138   10.497515729226452     
         139   10.545808971210825     
         140   10.567669928986739     
         141   10.611128453370865     
         142   10.666745196126490     
         143   10.708575200965342     
         144   10.738188354618723     
         145   10.811288256702136     
         146   10.859293955994568     
         147   10.912467505273980     
         148   10.913979720801620     
         149   10.932658609695864     
         150   10.979079378126098     
         151   11.009269501137130     
         152   11.022664402385226     
         153   11.016198300839861     
         154   11.018066129731487     
         155   11.063172005297035     
         156   11.096750445795038     
         157   11.087921880077031     
         158   11.127611692919530     
         159   11.166065424406213     
         160   11.202803841073742     
         161   11.245291787602433     
         162   11.298124523584333     
         163   11.362493501363582     
         164   11.400092710510620     
         165   11.414225450865372     
         166   11.438877968749155     
         167   11.522209381353623     
         168   11.581347353335898     
         169   11.617957597546015     
         170   11.626327762319855     
         171   11.641086624257413     
         172   11.708758719481411     
         173   11.758696013541790     
         174   11.786234273876376     
         175   11.786688580713498     
         176   11.824663999290149     
         177   11.845636923236333     
         178   11.846803022861167     
         179   11.905653544980597     
         180   11.928496859955658     
         181   11.957350595071633     
         182   11.955763829454416     
         183   11.949907300604085     
         184   11.966968962965229     
         185   11.975046990173130     
         186   11.990482879873269     
         187   12.017160531464182     
         188   12.074230479880111     
         189   12.141762482320170     
         190   12.133915871321973     
         191   12.128887142494957     
         192   12.138850658082953     
         193   12.179609841241028     
         194   12.224060953009344     
         195   12.246405689102591     
         196   12.250789051997904     
         197   12.280733482815625     
         198   12.331690582692827     
         199   12.368235199474450     
         200   12.388234309183433     
