   3.76756763      0.158171177    
   1.72121763       2.89271855    
   5.80895185     -0.742937684    
   5.14250660      0.316917300    
   2.04000282       3.88246989    
  0.177043542       2.21414042    
   7.94654131      0.374468565    
   8.69721603     -0.604941607    
   2.88004923       1.77909613    
   7.36636639     -0.975990176    
   9.31060028     -0.674596071    
  0.915156245       3.91245985    
   2.31416488       3.06657076    
   7.52731371      -1.71098256    
   8.04428768      -1.18992126    
   5.08474779       2.17101765    
   9.93814468      -1.53804946    
   7.02203941      0.462668657    
   1.40697193      0.910051346    
   6.54031086      -9.52441692E-02
   3.76086950      0.571451545    
   7.93046761     -0.999087691    
   8.11798286      -1.27114749    
   3.75581408       4.54518795E-02
   4.80555519E-02   4.78107548    
   6.64404821     -0.622238040    
   5.70036125      0.532610893    
   4.43862486      -1.17373466E-02
   8.16600609      -2.35276628    
   7.45950222      0.600924253    
   2.82460833      0.390678048    
   6.62325764      -1.64265049    
  0.425357401       3.78737426    
   1.17257714       4.22742033    
   6.65243721     -0.683747649    
   4.76512671     -0.728498220    
   6.92483616      0.270602942    
   8.67179108      -3.12078571    
   5.18052197      0.907005310    
  0.834294319       4.10976315    
   5.39500189     -0.491687417    
   9.53218842      -3.74116516    
   4.58424664       1.48570609    
  0.409221292       4.77705574    
   6.04200077      0.644805431    
   5.60908270     -0.334994555    
   1.56145668       2.74084663    
   3.77051640       1.46980596    
   1.39131439       2.44791913    
   9.63181591       8.26191902E-03
  0.676208258       3.86726665    
   1.99468791       3.94156957    
   1.13151205       3.69965100    
   8.79749966      0.326584339    
   6.70251894      0.206778049    
   8.04789162      -2.73134470    
   1.95799696       2.08678460    
   3.36477065      0.801018238    
   1.96811724       3.38879037    
   2.87968063      0.115751982    
   2.41675949      0.591511965    
  0.247539446       2.27130008    
   8.69819164      -3.02906322    
   6.51675940      -1.49844897    
   2.74812555       3.38206172    
   1.60873890       2.25148344    
   6.35914326      -1.42030358    
   4.15672874       2.06437349    
   9.73050690     -0.796677828    
   8.45407581      -2.55443692    
   4.00233269       2.55102253    
   7.26183891      -1.17220616    
   6.52415085      0.267467260    
   9.22578049     -0.236899614    
   7.60783195       1.07096553    
   9.65273666      -3.53373337    
   7.51489210      0.644579649    
   3.39635706      0.834847212    
   2.42817378     -0.183701277    
   8.60222054      -2.92925119    
   8.15789986      -2.84672141    
   6.23315722E-02   3.02837324    
  0.332102299       3.09514260    
  0.928984225       2.41432714    
   9.82142925      -1.24865675    
   1.53800535       3.96368861    
   2.14832258       3.48759031    
   4.09137154      0.717842102    
   9.63057327     -0.573662758    
   1.94920206       3.52887034    
   5.00925016      -1.01366687    
   2.28112483      0.915512919    
   5.31100750       1.58623528    
  0.827019334       1.39568615    
   4.69476128       2.63728499    
   7.51713371     -0.579436779    
   5.03274632      -1.04995346    
   1.70157790       4.03522062    
   2.97594428     -0.319792986    
   5.73918819      -1.60915518    
