           0   0.0000000000000000     
           1   1.0000000000000000     
           2   1.2762224518882157     
           3   1.5713111114966425     
           4   1.7953874478253133     
           5   2.0042606927816355     
           6   2.1928967349603146     
           7   2.3638746644561528     
           8   2.5258013301214040     
           9   2.6767434671413590     
          10   2.8215321605500101     
          11   2.9598845150764568     
          12   3.0894067712253142     
          13   3.2142515785186312     
          14   3.3316180334000411     
          15   3.4485195003291311     
          16   3.5600015163069969     
          17   3.6672118637459543     
          18   3.7713193843879163     
          19   3.8705083133218832     
          20   3.9714588172207503     
          21   4.0701827436593394     
          22   4.1651865712748437     
          23   4.2604692200707994     
          24   4.3520223997823919     
          25   4.4370430673833319     
          26   4.5268513711816665     
          27   4.6163237096380643     
          28   4.7006796190832123     
          29   4.7864183748461437     
          30   4.8683034678486186     
          31   4.9495125549338335     
          32   5.0270327274245590     
          33   5.1050999748667802     
          34   5.1803076736359737     
          35   5.2554217700110799     
          36   5.3308136818261156     
          37   5.4018360013899205     
          38   5.4737291680523379     
          39   5.5490185780253354     
          40   5.6168777697924153     
          41   5.6859747932996889     
          42   5.7558832338423587     
          43   5.8258734048437288     
          44   5.8911019258261446     
          45   5.9566694268603833     
          46   6.0198632650544335     
          47   6.0843732385577178     
          48   6.1503470650050316     
          49   6.2187168760602010     
          50   6.2816181765361874     
          51   6.3466357121368118     
          52   6.4048417895759480     
          53   6.4665097512937706     
          54   6.5289679062930572     
          55   6.5908204369625114     
          56   6.6506791499102640     
          57   6.7123321978637192     
          58   6.7717453014414408     
          59   6.8298647017284981     
          60   6.8830382293941543     
          61   6.9382171286808605     
          62   6.9937991544989764     
          63   7.0472557294322806     
          64   7.1051591958246902     
          65   7.1621755056792384     
          66   7.2153361620066230     
          67   7.2683792775224871     
          68   7.3255673355182065     
          69   7.3798955725971123     
          70   7.4358283776413883     
          71   7.4905791403965782     
          72   7.5391594030902915     
          73   7.5920847211169455     
          74   7.6464362886585793     
          75   7.6972493546514338     
          76   7.7469919407141150     
          77   7.7979192266220103     
          78   7.8469665876848573     
          79   7.8945590820901703     
          80   7.9399264041357602     
          81   7.9864205355062721     
          82   8.0327937865713253     
          83   8.0847441481867275     
          84   8.1332562374803921     
          85   8.1807597871203921     
          86   8.2313983320579940     
          87   8.2772218123567285     
          88   8.3199636727854536     
          89   8.3673454734231569     
          90   8.4118414749456782     
          91   8.4573353068265273     
          92   8.5013713768642134     
          93   8.5483384090140095     
          94   8.5965989664381190     
          95   8.6380436171950112     
          96   8.6833961598991394     
          97   8.7260388971645195     
          98   8.7742009135435790     
          99   8.8171634661906264     
         100   8.8625309162684669     
         101   8.9048055266217894     
         102   8.9496583489515604     
         103   8.9976079460054947     
         104   9.0437638375523992     
         105   9.0894256241212155     
         106   9.1329179454003864     
         107   9.1745924475714364     
         108   9.2183994565077469     
         109   9.2598522972852173     
         110   9.3063248293411025     
         111   9.3489649595028403     
         112   9.3862565461580250     
         113   9.4271609271539614     
         114   9.4669584955009523     
         115   9.5081956094190261     
         116   9.5449789150759816     
         117   9.5829278628531149     
         118   9.6246167707412820     
         119   9.6619141028285807     
         120   9.6986101457412470     
         121   9.7375129872788779     
         122   9.7792957351974010     
         123   9.8208213169843024     
         124   9.8599884359559979     
         125   9.8987109250571645     
         126   9.9371872052597539     
         127   9.9750911350005591     
         128   10.013239424778119     
         129   10.054643864226318     
         130   10.093693671266438     
         131   10.132033825435785     
         132   10.171470527070840     
         133   10.206563898966360     
         134   10.244957785111602     
         135   10.280486599846189     
         136   10.318735989317377     
         137   10.357662221556408     
         138   10.396043560639153     
         139   10.435573578987142     
         140   10.472710520153942     
         141   10.508795085388215     
         142   10.541945344881693     
         143   10.577123778792465     
         144   10.611748653942312     
         145   10.649862225509354     
         146   10.688190045602511     
         147   10.726436036655313     
         148   10.765120949838183     
         149   10.803279406352798     
         150   10.839373542354508     
         151   10.875418337413855     
         152   10.909980495692256     
         153   10.948701731394266     
         154   10.984093288968507     
         155   11.020030016343298     
         156   11.057986786563870     
         157   11.094108649020656     
         158   11.130445294244979     
         159   11.160300936024811     
         160   11.200713922942208     
         161   11.236557824942723     
         162   11.270215615088096     
         163   11.303718424703048     
         164   11.339283407944283     
         165   11.374200667898839     
         166   11.407936827991877     
         167   11.441511718635249     
         168   11.473882536698664     
         169   11.510994543728751     
         170   11.546644473801846     
         171   11.581867565607471     
         172   11.616469264640305     
         173   11.650071179690650     
         174   11.686621936892189     
         175   11.718349554992201     
         176   11.751706742304966     
         177   11.783765734855425     
         178   11.820276135592268     
         179   11.853244601737863     
         180   11.882436252723117     
         181   11.916006731165680     
         182   11.947556640524718     
         183   11.980143350785147     
         184   12.012388762348273     
         185   12.041768896981070     
         186   12.074476610958337     
         187   12.105252562583168     
         188   12.140454429910742     
         189   12.174851854825935     
         190   12.208290698187382     
         191   12.239535423633036     
         192   12.273534551056072     
         193   12.306779887889537     
         194   12.337232634769148     
         195   12.368243896947076     
         196   12.396810406426663     
         197   12.429102292858047     
         198   12.462658875546390     
         199   12.495303586527458     
         200   12.527148260761569     
         201   12.558901770807163     
         202   12.592191374683990     
         203   12.620826936306569     
         204   12.651723326103212     
         205   12.684369287972173     
         206   12.713416392455420     
         207   12.747550519907920     
         208   12.773806926962941     
         209   12.804530401218361     
         210   12.833310741732562     
         211   12.862758489045108     
         212   12.890796129928935     
         213   12.920389783615649     
         214   12.952151236155688     
         215   12.984327108332733     
         216   13.018268653225810     
         217   13.046176992423851     
         218   13.077906913080017     
         219   13.106234490953295     
         220   13.131743305486559     
         221   13.162713312467131     
         222   13.195503084895620     
         223   13.222912576262138     
         224   13.255090884692404     
         225   13.282993051689973     
         226   13.312203225436194     
         227   13.340327136136986     
         228   13.372057817644086     
         229   13.402288518902170     
         230   13.429966548900902     
         231   13.453302667218551     
         232   13.480295872956429     
         233   13.506696998105415     
         234   13.537746829676337     
         235   13.567617762685954     
         236   13.602735156725908     
         237   13.633644157357141     
         238   13.659132312829747     
         239   13.688571038206732     
         240   13.718100813864199     
         241   13.748897694489855     
         242   13.776057704196640     
         243   13.798432266042164     
         244   13.821958617514076     
         245   13.849444389571687     
         246   13.878103794853585     
         247   13.905656305478391     
         248   13.934490097061973     
         249   13.965715355007916     
         250   13.993123942273781     
         251   14.017998497101580     
         252   14.045372654371848     
         253   14.073115174387965     
         254   14.100119340661028     
         255   14.124786668341468     
         256   14.152446642047488     
         257   14.179609217286652     
         258   14.208014933139749     
         259   14.238782660883921     
         260   14.269009581649657     
         261   14.293843884958150     
         262   14.318784761107997     
         263   14.348874732293794     
         264   14.376927082023901     
         265   14.406232662581340     
         266   14.436954321131743     
         267   14.464613134344559     
         268   14.490042418848891     
         269   14.518334112118701     
         270   14.543159143880303     
         271   14.570021481183266     
         272   14.596703983136921     
         273   14.624062423736266     
         274   14.650212366181849     
         275   14.681188922872490     
         276   14.710886157169444     
         277   14.735256343496404     
         278   14.763568656190504     
         279   14.792307174867149     
         280   14.818853414046622     
         281   14.846839142474813     
         282   14.869730453317409     
         283   14.900229499488214     
         284   14.926839497277218     
         285   14.956172344501544     
         286   14.981438769206120     
         287   15.010132598891344     
         288   15.036567810079672     
         289   15.066553341040342     
         290   15.091254739242883     
         291   15.118183554242558     
         292   15.143050404425990     
         293   15.168906755106489     
         294   15.191825223622638     
         295   15.216129672177846     
         296   15.245267022330374     
         297   15.271406705875528     
         298   15.301999860912266     
         299   15.329095141429782     
         300   15.354282697399036     
         301   15.376471298414931     
         302   15.404716699941922     
         303   15.427437061239210     
         304   15.452443423466754     
         305   15.478027002632761     
         306   15.503431815390863     
         307   15.527470349181986     
         308   15.549894400052064     
         309   15.576682900397156     
         310   15.602938331657045     
         311   15.630754538725764     
         312   15.655947425256434     
         313   15.683732882722003     
         314   15.709479487155493     
         315   15.732404525549905     
         316   15.755839581648978     
         317   15.781532353469899     
         318   15.809610519468375     
         319   15.832048178668870     
         320   15.854873667376511     
         321   15.879999332561423     
         322   15.907258491136686     
         323   15.935010692423926     
         324   15.959274228434452     
         325   15.987959010611437     
         326   16.011976031406629     
         327   16.037274418889439     
         328   16.059795963389682     
         329   16.084575878883239     
         330   16.105191383789414     
         331   16.128766435380584     
         332   16.153916896070214     
         333   16.178993115499082     
         334   16.205217120002764     
         335   16.229533623321295     
         336   16.252544728398412     
         337   16.277127560927987     
         338   16.303341084954109     
         339   16.325487757965188     
         340   16.348003605329545     
         341   16.373926352388775     
         342   16.398814610053975     
         343   16.424053010632644     
         344   16.447411837008744     
         345   16.473467432406679     
         346   16.492395319536470     
         347   16.517866553676146     
         348   16.543240703444958     
         349   16.567298067210491     
         350   16.595549107224578     
         351   16.617800623080701     
         352   16.641273373056062     
         353   16.662191074667295     
         354   16.685716789208552     
         355   16.709704055583686     
         356   16.734169013778661     
         357   16.761872746520663     
         358   16.784916693399822     
         359   16.807196004073280     
         360   16.828824114998085     
         361   16.852943259588699     
         362   16.876694727011355     
         363   16.901185793812306     
         364   16.930026281252335     
         365   16.952121353538455     
         366   16.973790332220339     
         367   16.989581825647118     
         368   17.012529300861711     
         369   17.034849914584612     
         370   17.052438984345695     
         371   17.076702389138770     
         372   17.098312157607452     
         373   17.122945528066420     
         374   17.143385840847060     
         375   17.165721523441547     
         376   17.186580056467378     
         377   17.211397014475839     
         378   17.234901943842974     
         379   17.258304490750643     
         380   17.277217941670301     
         381   17.300549637776566     
         382   17.322418740869985     
         383   17.346867737376417     
         384   17.371049446088726     
         385   17.396323865671718     
         386   17.421087834667262     
         387   17.439190890218018     
         388   17.461816101687212     
         389   17.480840711426360     
         390   17.501413602151253     
         391   17.524558563079218     
         392   17.544921390567968     
         393   17.567834166916533     
         394   17.589983052156569     
         395   17.609178705887555     
         396   17.634960168170977     
         397   17.659475546136136     
         398   17.682624178122975     
         399   17.704706332772957     
         400   17.727338669934255     
         401   17.748615023193601     
         402   17.768612400293293     
         403   17.792285485363806     
         404   17.817883382026015     
         405   17.840549530328524     
         406   17.864735705993539     
         407   17.887260076042509     
         408   17.911446101377710     
         409   17.934839766568484     
         410   17.956165838404104     
         411   17.976199482177119     
         412   17.998299907629981     
         413   18.019797630547284     
         414   18.037276099958060     
         415   18.057732342420781     
         416   18.080092449160418     
         417   18.102230387565029     
         418   18.125016696888171     
         419   18.146167483439733     
         420   18.168370956194888     
         421   18.190815152729080     
         422   18.211527915383343     
         423   18.231559122320629     
         424   18.251429527406369     
         425   18.274079202352343     
         426   18.294714306434994     
         427   18.318434119741610     
         428   18.339885981052031     
         429   18.360068895228132     
         430   18.380303434874527     
         431   18.400291885898955     
         432   18.421086373893360     
         433   18.442971395633045     
         434   18.468561135525057     
         435   18.488678908727444     
         436   18.509993208453260     
         437   18.530864371245801     
         438   18.551104134369460     
         439   18.574981750054086     
         440   18.598416114903021     
         441   18.621944985539077     
         442   18.640929215323894     
         443   18.660702372904652     
         444   18.678712386269520     
         445   18.699552283327755     
         446   18.719345801402213     
         447   18.742108949409516     
         448   18.761135520888384     
         449   18.782360274697915     
         450   18.802339984982272     
         451   18.824415558176007     
         452   18.849669685561686     
         453   18.869968138773899     
         454   18.890012567994976     
         455   18.911356221733222     
         456   18.935974922511750     
         457   18.954605386584177     
         458   18.980323520794450     
         459   19.002390016071878     
         460   19.021008195824617     
         461   19.041616020869981     
         462   19.060209551872919     
         463   19.082447003672019     
         464   19.100633659549455     
         465   19.122696078525056     
         466   19.141424632868379     
         467   19.162218656809568     
         468   19.184730766679863     
         469   19.208080695793814     
         470   19.232141633452891     
         471   19.252666552898408     
         472   19.274041532014316     
         473   19.292852035319914     
         474   19.312550465463762     
         475   19.335328280752307     
         476   19.357740539690830     
         477   19.378479336090003     
         478   19.397176322021551     
         479   19.417059573634642     
         480   19.438076366308522     
         481   19.462859927214236     
         482   19.483826476239905     
         483   19.503281020538019     
         484   19.522130251656641     
         485   19.545731229508259     
         486   19.565122071783090     
         487   19.587439773286135     
         488   19.607740305558917     
         489   19.628497595380679     
         490   19.649032258345297     
         491   19.672805427988894     
         492   19.691116372142083     
         493   19.708426305049471     
         494   19.728892037294518     
         495   19.751800355327617     
         496   19.769334005804918     
         497   19.789675613901835     
         498   19.807356751412826     
         499   19.828384423396411     
         500   19.845922945505805     
         501   19.869263241783706     
         502   19.888487665216843     
         503   19.911245262137882     
         504   19.927143752064865     
         505   19.948545642229696     
         506   19.965888691387509     
         507   19.982713008011210     
         508   19.999953432834506     
         509   20.018739575865656     
         510   20.040831741854536     
         511   20.061276145087351     
         512   20.079628677034524     
         513   20.096412691323600     
         514   20.115531871845160     
         515   20.134147545996438     
         516   20.157060644646020     
         517   20.175987213238507     
         518   20.194988019444359     
         519   20.209936400617799     
         520   20.230314824558320     
         521   20.250061946175130     
         522   20.268953545160709     
         523   20.286515225686578     
         524   20.304519186160451     
         525   20.324130249956802     
         526   20.347486428393392     
         527   20.366289238364537     
         528   20.384001534458534     
         529   20.402298640544885     
         530   20.424460883165473     
         531   20.445522707446834     
         532   20.461977986041031     
         533   20.482149124933240     
         534   20.500165456874900     
         535   20.519987029805474     
         536   20.536437674929221     
         537   20.550861595988785     
         538   20.569303105556276     
         539   20.587052550156901     
         540   20.609787310083821     
         541   20.626900804570411     
         542   20.643112008982982     
         543   20.663683499849743     
         544   20.682717887551632     
         545   20.705069499081599     
         546   20.722591072103725     
         547   20.740421929963993     
         548   20.759193507072712     
         549   20.782318792978277     
         550   20.799646252981201     
         551   20.814036293023946     
         552   20.832269910258251     
         553   20.855878537469373     
         554   20.874141379911158     
         555   20.895198696202367     
         556   20.913215398126038     
         557   20.933153311614380     
         558   20.953356233334638     
         559   20.973683010130241     
         560   20.991471638846917     
         561   21.010987294541636     
         562   21.030955343867195     
         563   21.051698455496886     
         564   21.070241722842137     
         565   21.090350683921496     
         566   21.107679703425173     
         567   21.126959472800273     
         568   21.144138352264612     
         569   21.160691106271887     
         570   21.176986565103800     
         571   21.196326829163795     
         572   21.210647038340621     
         573   21.227241656900397     
         574   21.250260242969411     
         575   21.269646438326699     
         576   21.287311646519381     
         577   21.303411853621938     
         578   21.325527931553676     
         579   21.344545157432179     
         580   21.362640288130851     
         581   21.381292213695009     
         582   21.400274116692483     
         583   21.418273456451487     
         584   21.435030268362652     
         585   21.451054332873873     
         586   21.468406349838165     
         587   21.486890965119237     
         588   21.501900267821089     
         589   21.522872897434365     
         590   21.539467966147768     
         591   21.557366663648473     
         592   21.576449020460053     
         593   21.596808639101166     
         594   21.616048961028884     
         595   21.637132947228629     
         596   21.653870116370193     
         597   21.669303888337318     
         598   21.684493109875611     
         599   21.705847552298788     
         600   21.721811964769593     
         601   21.742923513597596     
         602   21.760265243193061     
         603   21.777797175160241     
         604   21.797581454525442     
         605   21.815860875397963     
         606   21.833127057796581     
         607   21.850121668290555     
         608   21.864601783109741     
         609   21.885574773682240     
         610   21.906453310706244     
         611   21.924589771950796     
         612   21.944664871397411     
         613   21.963213915344031     
         614   21.982109705889542     
         615   22.002801990180831     
         616   22.025744264671655     
         617   22.045431084863512     
         618   22.064432595770135     
         619   22.083161108704964     
         620   22.100582787512071     
         621   22.120148352775242     
         622   22.136972330940537     
         623   22.152045418471683     
         624   22.169084040573384     
         625   22.181251883725679     
         626   22.197686045444090     
         627   22.217498240999333     
         628   22.233958283957254     
         629   22.248619015266513     
         630   22.269619535623157     
         631   22.285586051751128     
         632   22.301844560991395     
         633   22.317358584001969     
         634   22.334962898725813     
         635   22.355624699920224     
         636   22.372672214626018     
         637   22.386466811698433     
         638   22.404914500354639     
         639   22.422473659174397     
         640   22.436600163095775     
         641   22.452745688833211     
         642   22.472639892991204     
         643   22.492217423642771     
         644   22.515620378076910     
         645   22.532106598733957     
         646   22.550604313402221     
         647   22.567526726401173     
         648   22.585892878062847     
         649   22.611282201273632     
         650   22.627070691902681     
         651   22.639989149185762     
         652   22.660897651619440     
         653   22.683799498637086     
         654   22.699490995826661     
         655   22.719104688055694     
         656   22.735359320985406     
         657   22.753125974825576     
         658   22.767920589990954     
         659   22.786292389351168     
         660   22.803194865922787     
         661   22.819893641930634     
         662   22.838411527337104     
         663   22.858122310879160     
         664   22.874991221821144     
         665   22.896487924550893     
         666   22.911880505884657     
         667   22.927310201602083     
         668   22.940772366839091     
         669   22.958699587453175     
         670   22.980706374035588     
         671   22.994867104062806     
         672   23.013189242175304     
         673   23.031311813692074     
         674   23.050594027090479     
         675   23.067083860109765     
         676   23.082329168912526     
         677   23.102308331451891     
         678   23.122182138895205     
         679   23.140662145422773     
         680   23.161458995779412     
         681   23.175406249524510     
         682   23.191209241842731     
         683   23.209239252164533     
         684   23.221443109883033     
         685   23.244063808402370     
         686   23.258991553945943     
         687   23.275840279071652     
         688   23.290133010141965     
         689   23.308686024782354     
         690   23.326474468003983     
         691   23.344912640612428     
         692   23.362531609866402     
         693   23.379193657381521     
         694   23.395801356492910     
         695   23.413046537974193     
         696   23.429219871263125     
         697   23.446029796608272     
         698   23.464163574465552     
         699   23.478281651812313     
         700   23.497855274824122     
         701   23.515004885451397     
         702   23.532299065896993     
         703   23.548217247835268     
         704   23.564287658755831     
         705   23.576154085553387     
         706   23.593956936015886     
         707   23.608954713293620     
         708   23.628635305411354     
         709   23.644787201801986     
         710   23.657641845050055     
         711   23.672848179575730     
         712   23.692220013908628     
         713   23.706816326694511     
         714   23.724872493262623     
         715   23.741424326333181     
         716   23.755942199792663     
         717   23.774037631251925     
         718   23.790056427536410     
         719   23.808589258308423     
         720   23.826813128142529     
         721   23.845755856802771     
         722   23.862430069001565     
         723   23.876623449468472     
         724   23.896043005994301     
         725   23.912370414511404     
         726   23.928826814008126     
         727   23.947040199865349     
         728   23.962147286244672     
         729   23.976506368294597     
         730   23.992428477960139     
         731   24.009591043607205     
         732   24.026439781666753     
         733   24.044025664580410     
         734   24.058044276795577     
         735   24.077223502719896     
         736   24.091630973545424     
         737   24.107780812603874     
         738   24.123271934325086     
         739   24.139882770435410     
         740   24.160703546053224     
         741   24.176883569646940     
         742   24.194252174842198     
         743   24.206720629767929     
         744   24.220046390410818     
         745   24.232510176780721     
         746   24.250306088729886     
         747   24.267339656221523     
         748   24.283916610080837     
         749   24.297764120951364     
         750   24.313677083356382     
         751   24.326437759217768     
         752   24.341353516141506     
         753   24.357472986247711     
         754   24.374726508738231     
         755   24.394058120914710     
         756   24.408900221109413     
         757   24.425041980781845     
         758   24.438387914984769     
         759   24.452737479061888     
         760   24.468518241818462     
         761   24.482765783002279     
         762   24.501443190529105     
         763   24.520369718234967     
         764   24.533115418066284     
         765   24.547627778504282     
         766   24.564122557829055     
         767   24.579598994867123     
         768   24.596896670899852     
         769   24.612702026730961     
         770   24.629096706777183     
         771   24.644471882029407     
         772   24.659679134634480     
         773   24.675791008358647     
         774   24.689078928231321     
         775   24.703797458700038     
         776   24.720136917843632     
         777   24.737829225998084     
         778   24.753926982637626     
         779   24.766399353508358     
         780   24.784083234746777     
         781   24.801144471762317     
         782   24.816271814847450     
         783   24.831993461849667     
         784   24.847663885452192     
         785   24.861221451140359     
         786   24.881551597798151     
         787   24.894397391412667     
         788   24.905978258728922     
         789   24.919328404532944     
         790   24.935361780139967     
         791   24.955491843349169     
         792   24.971533659951881     
         793   24.988388890292157     
         794   25.004046100628514     
         795   25.021598814487795     
         796   25.036340136477552     
         797   25.052354780637501     
         798   25.068784218216507     
         799   25.083231683564637     
         800   25.097401184394300     
         801   25.110935130902234     
         802   25.125997654248742     
         803   25.142274213600388     
         804   25.157243863680304     
         805   25.170021448898996     
         806   25.186022837168291     
         807   25.198822944388827     
         808   25.215001384618240     
         809   25.229224302910762     
         810   25.245911822336318     
         811   25.262614023761813     
         812   25.276701357166175     
         813   25.290238097140012     
         814   25.307259012337042     
         815   25.321557541329046     
         816   25.333951826777682     
         817   25.353628987593044     
         818   25.367882353536476     
         819   25.384950976469252     
         820   25.403723381529161     
         821   25.418565764798188     
         822   25.430312089378898     
         823   25.447947636572472     
         824   25.459246765047546     
         825   25.475556979695963     
         826   25.487796854165140     
         827   25.502874833162512     
         828   25.514816588228523     
         829   25.532959871263614     
         830   25.546683352658533     
         831   25.559696144519638     
         832   25.577768597712712     
         833   25.591587812174907     
         834   25.608546856334637     
         835   25.623929911383907     
         836   25.637154203179474     
         837   25.652474617311210     
         838   25.666349013339211     
         839   25.685089445558205     
         840   25.703639946796581     
         841   25.720333897231050     
         842   25.736611847026634     
         843   25.751545262737558     
         844   25.766434586781443     
         845   25.781639392095009     
         846   25.797063826821809     
         847   25.810162858031337     
         848   25.826378536628731     
         849   25.844617455100259     
         850   25.858559207707998     
         851   25.873552577398886     
         852   25.889753260981351     
         853   25.904363869471986     
         854   25.919452990791747     
         855   25.932768579705510     
         856   25.944030472186235     
         857   25.954753112511867     
         858   25.971925388058963     
         859   25.987680350935715     
         860   26.002097361290367     
         861   26.019151641579164     
         862   26.032723450369541     
         863   26.046500340150033     
         864   26.063775570020084     
         865   26.078561146918755     
         866   26.093700093754208     
         867   26.106689989361687     
         868   26.120143739380989     
         869   26.133632148026823     
         870   26.147398186811657     
         871   26.162693133330333     
         872   26.180792935414757     
         873   26.196328334282409     
         874   26.207295862579322     
         875   26.225807594678500     
         876   26.238460514745618     
         877   26.254858841477269     
         878   26.266871606245818     
         879   26.280167285580827     
         880   26.297443720586099     
         881   26.313794557762481     
         882   26.329136827497440     
         883   26.336455667509007     
         884   26.352746732542371     
         885   26.369635463687786     
         886   26.385183539110454     
         887   26.398447399360347     
         888   26.415014547635199     
         889   26.427980167371103     
         890   26.445609025614448     
         891   26.459445995036500     
         892   26.475523318748163     
         893   26.493644184372034     
         894   26.506078317828205     
         895   26.522429552844638     
         896   26.536394667299394     
         897   26.552694574091696     
         898   26.570617628656915     
         899   26.584637540521381     
         900   26.600549262491622     
         901   26.612131573487105     
         902   26.630533419090821     
         903   26.643023010350486     
         904   26.654954463750766     
         905   26.668488766709551     
         906   26.680751304468721     
         907   26.699017171544256     
         908   26.715044826839382     
         909   26.729715770428342     
         910   26.745444604753473     
         911   26.761100820878205     
         912   26.773853478217433     
         913   26.784608344208873     
         914   26.800962791754788     
         915   26.817079597378605     
         916   26.833333776766406     
         917   26.845955612323511     
         918   26.856977921259432     
         919   26.871625666018002     
         920   26.881775709606956     
         921   26.897284049246668     
         922   26.913435941260413     
         923   26.925545107690851     
         924   26.940416119310065     
         925   26.956679095520013     
         926   26.973536452090080     
         927   26.985701429737198     
         928   26.999426351843699     
         929   27.016147967007360     
         930   27.029683256607637     
         931   27.045470628076970     
         932   27.059742668998965     
         933   27.074429160830235     
         934   27.088898905248488     
         935   27.103396040470866     
         936   27.117210373778544     
         937   27.131724459166740     
         938   27.149663124951179     
         939   27.161954830167737     
         940   27.174852518284943     
         941   27.191112009637212     
         942   27.206927370373318     
         943   27.221558564855783     
         944   27.236119013291166     
         945   27.249557402841631     
         946   27.266572223480878     
         947   27.280858375914697     
         948   27.293533639797460     
         949   27.310825446034990     
         950   27.325793342311176     
         951   27.339468524018852     
         952   27.355186660979566     
         953   27.366334794402825     
         954   27.383470223940186     
         955   27.401574416250707     
         956   27.414876505203157     
         957   27.428328103556012     
         958   27.441168938274743     
         959   27.457614535457029     
         960   27.470742370139487     
         961   27.485960179603044     
         962   27.500490391295703     
         963   27.516296081184688     
         964   27.529162391058371     
         965   27.541118569338703     
         966   27.552427563118624     
         967   27.564214550365499     
         968   27.574587168208662     
         969   27.592652592285717     
         970   27.606608285796806     
         971   27.621356243122047     
         972   27.632785014627935     
         973   27.647550655072830     
         974   27.661585192232653     
         975   27.674676365848097     
         976   27.689930463630688     
         977   27.705255352027478     
         978   27.718173143245888     
         979   27.732692565334485     
         980   27.747819814471548     
         981   27.760730276493867     
         982   27.775606339740264     
         983   27.786549275529481     
         984   27.797171170488614     
         985   27.807669009641035     
         986   27.818883714517192     
         987   27.835866620720342     
         988   27.852359988950059     
         989   27.865291205521949     
         990   27.878441128102970     
         991   27.890136844483099     
         992   27.905128784310808     
         993   27.918332607982752     
         994   27.933302260020742     
         995   27.947944638660932     
         996   27.963332624382115     
         997   27.978662930370522     
         998   27.991478213625388     
         999   28.006909954981353     
        1000   28.021622047398743     
